999999999.9999993
1037681937.0522159
1076783802.4844398
1117359101.948509
1159463357.292854
1203154182.5367153
1248491362.7071753
1295536935.6469479
1344355276.9048178
1395013187.8249605
1447579986.9555929
1502127604.9021075
1558730682.7544258
1617466674.223337
1678415951.625479
1741661915.8620667
1807291110.5418305
1875393340.4042988
1946061794.20556
2019393172.2345378
2095487818.6343632
2174449858.7098303
2256387341.4089355
2341412387.1733255
2429641341.3600802
2521194933.444674
2616198442.223104
2714781867.2390623
2817080106.670864
2923233141.921498
3033386229.1643376
3147690098.106769
3266301158.243514
3389381712.882041
3517100181.232796
3649631328.8683505
3787156506.8665657
3929863899.9652047
4077948784.067487
4231613793.4508815
4391069198.04499
4556533191.157649
4728232188.043204
4906401135.721313
5091283834.470489
5283133271.435974
5482211966.808696
5688792333.04891
5903157047.645992
6125599439.924738
6356423892.427076
6595946257.418743
6844494289.090601
7102408092.04637
7370040586.690015
7647757992.149978
7935940327.400761
8234981931.268024
8545292002.028208
8867295157.341476
9201432015.283844
9548159797.274023
9907952953.719408
10281303813.237787
10668723256.342968
11070741414.516005
11487908395.619164
11920795036.644518
12369993684.827778
12836119008.195776
13319808836.657372
13821725034.787855
14342554407.50178
14883009639.853308
15443830272.249794
16025783712.41383
16629666285.477448
17256304323.64624
17906555296.923775
18581308986.444492
19281488702.01948
20008052545.562008
20761994722.121395
21544346900.31883
22356179624.047764
23198603777.36918
24072772104.607407
24979880787.725582
25921171083.140537
26897931020.21518
27911497163.75389
28963256442.91159
30054648049.020596
31187165404.930317
32362358208.556087
33581834553.432186
34847263129.17258
36160375504.84809
37522968498.406296
38936906635.37569
40404124700.21796
41926630383.82148
43506507030.7562
45145916490.05114
46847102073.393875
48612391624.80228
50444200705.96578
52345035901.61737
54317498249.458336
56364286799.328316
58488202306.4937
60692151064.10431
62979148880.065735
65352325203.766556
67814927408.31088
70370325234.1115
73022015399.9273
75773626387.65364
78628923407.41139
81591813549.73303
84666351131.89058
87856743245.68336
91167355514.27997
94602718065.98613
98167531733.11722
101866674484.45602
105705208100.09833
109688385097.8177
113821655920.43297
118110676394.00621
122561315467.0799
127179663241.54727
131972039306.13737
136945001383.92392
142105354305.68866
147460159321.4191
153016743762.67868
158782711069.0791
164765951192.56503
170974651393.7519
177417307445.09595
184102735256.21582
191040082937.28146
198238843316.97507
205708866932.14957
213460375506.96967
221503975939.96585
229850674818.15216
238511893478.05933
247499483634.30457
256825743597.06857
266503435100.68207
276545800766.34644
286966582222.8788
297780038910.2911
309000967591.91644
320644722601.78906
332727236854.9952
345265043649.7231
358275299290.8628
371775806566.1052
385785039106.66766
400322166665.97205
415407081350.8862
431060424841.3969
447303616635.9722
464158883361.27783
481649289186.3247
499798767382.6887
518632153073.9787
538175217219.3699
558454701877.6932
579498356800.3629
601334977403.1793
623994444168.9822
647507763535.0907
671907110321.4415
697225871757.511
723498693168.257
750761525381.5844
779051673922.2394
808407850059.4012
838870223777.8605
870480478745.2367
903281869350.4982
937319279891.7723
972639285994.4832
1009290218343.8439
1047322228818.8947
1086787359118.6356
1127739611974.0928
1170235025043.792
1214331747593.7913
1260090120067.129
1307572756651.6187
1356844630958.9585
1407973164932.397
1461028321104.59
1516082698331.959
1573211631136.4644
1632493292790.764
1694008802287.8713
1757842335341.584
1824081239569.6472
1892816154017.24
1964141133184.3435
2038153775726.6655
2114955358006.3357
2194650972674.9866
2277349672478.9116
2363164619483.1484
2452213239918.538
2544617384863.7607
2640503496982.1826
2740002783541.6235
2843251395953.9375
2950390616079.901
3061567049554.4854
3176932826396.9385
3296645809180.349
3420869809045.337
3549774809853.612
3683537200788.06
3822340017717.668
3966373193657.474
4115833818666.4893
4270926409538.8647
4431863189657.758
4598864379394.479
4772158497450.503
4951982673554.634
5138582972943.205
5332214733067.244
5533142912987.586
5741642455935.724
5957998665536.629
6182507596208.571
6415476458273.754
6657224038334.404
6908081135489.425
7168391013988.568
7438509872943.362
7718807333737.934
8009666945806.035
8311486711467.119
8624679630538.959
8949674265472.463
9286915327781.84
9636864286572.582
10000000000000.002
