7.471616658705216e-10
7.798908185918663e-10
8.139460216938232e-10
8.492009317961902e-10
8.86197781824194e-10
9.245288978831923e-10
9.643874587794699e-10
1.0058298638426777e-09
1.0488152568655096e-09
1.0936276328976646e-09
1.1400955735041407e-09
1.1883687367486573e-09
1.2385088510313835e-09
1.2906373747512134e-09
1.3447651880937883e-09
1.4010865800884176e-09
1.4594885300311944e-09
1.5200303238316337e-09
1.5829160204816617e-09
1.6480803388674303e-09
1.715741326790976e-09
1.785735559423074e-09
1.8584844774238718e-09
1.933995852354542e-09
2.0121635468939303e-09
2.0931716360195196e-09
2.1772967873090465e-09
2.264338050395054e-09
2.3542394700371005e-09
2.4474522408723942e-09
2.5410034076855936e-09
2.6443509604234805e-09
2.7479889475046093e-09
2.855542913238196e-09
2.966034529094941e-09
3.080931731958003e-09
3.199941867038092e-09
3.3228322315892456e-09
3.448927810012492e-09
3.580959972993014e-09
3.7166312250036526e-09
3.856612362795886e-09
4.001002418263511e-09
4.150342736153334e-09
4.304316014724918e-09
4.463495351103575e-09
4.624525651308886e-09
4.796778529936319e-09
4.966780764448231e-09
5.1493047603656805e-09
5.337668751437263e-09
5.53170909078915e-09
5.722196494417631e-09
5.937606184502897e-09
6.150778331104334e-09
6.369827776353532e-09
6.595589407965008e-09
6.828625442878433e-09
7.068738927529239e-09
7.315650973893639e-09
7.5699371215876e-09
7.832725579248745e-09
8.102832405043614e-09
8.381390026457325e-09
8.667053519317847e-09
8.962085074060155e-09
9.266226452808723e-09
9.579179227614532e-09
9.900399389195513e-09
1.0232032332524454e-08
1.0571713282558903e-08
1.092233126165354e-08
1.1281296785625727e-08
1.1653272791178892e-08
1.2034022223161855e-08
1.2425260154103057e-08
1.2827223949685163e-08
1.3239248142227211e-08
1.3667802223338299e-08
1.4104286183425074e-08
1.4554523808385511e-08
1.5015773735527205e-08
1.5490354554614783e-08
1.5948547371635868e-08
1.647638758761616e-08
1.6989481155249564e-08
1.7518451578268923e-08
1.805994509496145e-08
1.8618132591186054e-08
1.9189386524232077e-08
1.977674157771503e-08
2.0377640463919988e-08
2.099534257560265e-08
2.1630339075429106e-08
2.228144069249538e-08
2.2948985822779377e-08
2.36315498280959e-08
2.4327413195024405e-08
2.505851348644228e-08
2.579835278737619e-08
2.6550381893031272e-08
2.732357318180334e-08
2.8129147455757675e-08
2.8953265340803114e-08
2.977984658869559e-08
3.065113651778972e-08
3.1537576328233285e-08
3.24406050911108e-08
3.337104614864472e-08
3.4321776087864464e-08
3.529960812542754e-08
3.620737087928205e-08
3.7329304092281745e-08
3.838288176183369e-08
3.946448212666098e-08
4.0571454418270037e-08
4.170429379612983e-08
4.2572430913878634e-08
4.4072064664391064e-08
4.529295138944178e-08
4.65465426202627e-08
4.782951101844901e-08
4.91332354801699e-08
5.0480654545381753e-08
5.185439921895352e-08
5.325943419620671e-08
5.467545505233318e-08
5.617132026181082e-08
5.768504407477337e-08
5.922722157158944e-08
6.080970837984978e-08
6.219959369779815e-08
6.408789920975266e-08
6.57784182678256e-08
6.751985082154022e-08
6.929293361324085e-08
7.111951805249817e-08
7.29789746412024e-08
7.487906605874173e-08
7.682045177759278e-08
7.882061092701065e-08
8.085573410809843e-08
8.293463715780547e-08
8.506730053703393e-08
8.71627510168338e-08
8.94242602189621e-08
9.172506332255637e-08
9.407552359341764e-08
9.649841858916375e-08
9.89739836754211e-08
1.0149125784231217e-07
1.0407419459568246e-07
1.0672487604779235e-07
1.0943232919835566e-07
1.1221088058732676e-07
1.1504883556945344e-07
1.1794702792222722e-07
1.209063416052203e-07
1.239431264288271e-07
1.2705900220844057e-07
1.3024082501367218e-07
1.335075574537825e-07
1.3684449129414133e-07
1.402710281261932e-07
1.4375272971989261e-07
1.4734727482590415e-07
1.5101983708021294e-07
1.5477199721836143e-07
1.5862681190803585e-07
1.625661179005533e-07
1.666146565160176e-07
1.7075321601112137e-07
1.7500858051633372e-07
1.7936073315460987e-07
1.83812784104731e-07
1.8842177462730092e-07
1.931143740474539e-07
1.9794980476994795e-07
2.0290760294194854e-07
2.0751327411971943e-07
2.1261645288817022e-07
2.1782482706456108e-07
2.232068618823746e-07
2.2870026117338682e-07
2.3430557516412875e-07
2.40060423095656e-07
2.4596820336064695e-07
2.519916992849147e-07
2.581291065339997e-07
2.6442028611128876e-07
2.7086881204674285e-07
2.774412801720416e-07
2.8415855490848685e-07
2.9079614871641013e-07
2.9798165246397446e-07
3.0531951522583256e-07
3.128509962202486e-07
3.205233993774925e-07
3.283943712517612e-07
3.3641344687751484e-07
3.446435068443776e-07
3.530304095722414e-07
3.616405956918811e-07
3.704155349115723e-07
3.8256967971328493e-07
3.9134814144858865e-07
4.0041837889859266e-07
4.09633218456662e-07
4.1913348525213223e-07
4.2884340989424174e-07
4.3892582590743245e-07
4.49137708802283e-07
4.5964616091076493e-07
4.703663778471423e-07
4.813923859536828e-07
4.92633615234439e-07
5.042945430133727e-07
5.160760703226686e-07
5.282966555331114e-07
5.406358110082721e-07
5.534350668856547e-07
5.664731277388313e-07
5.79875722772627e-07
5.933918028055984e-07
6.075513026004842e-07
6.218311872085991e-07
6.365067408697911e-07
6.515913559823616e-07
6.513482808667703e-07
6.827216458837881e-07
6.9877398867213e-07
7.152732686144248e-07
7.322288833044865e-07
7.494802194418781e-07
7.673998860813214e-07
7.856312442822144e-07
8.041717372009316e-07
8.230182086954585e-07
8.426039770359495e-07
8.627439873620801e-07
8.83223451708659e-07
9.042809447912248e-07
9.256861923656601e-07
9.474337714365788e-07
9.703232268787332e-07
9.933215572299758e-07
1.0169692230554972e-06
1.0412894086986313e-06
1.0659992057959755e-06
1.0914095356362452e-06
