0.19211584232078843
0.1908358167209164
0.1895077901610492
0.18822776456117724
0.18691573832130842
0.18563971280143604
0.184359687201564
0.18317566352168244
0.18185963720181403
0.18057961160194202
0.17931158624206883
0.17815556312218442
0.17705554112229444
0.17563151264243684
0.17435548712256446
0.17313946280268605
0.17193943880280607
0.17071941440292807
0.16951539032304846
0.1683313666431669
0.16713534272328645
0.16595931920340404
0.16480329608351965
0.16364727296363524
0.16250725016374926
0.16137122744386287
0.16024720496397524
0.15913518272408644
0.15801916040419806
0.15708714176429125
0.15591511832440846
0.15475509512452448
0.15360707216463929
0.15247104944475287
0.15135502712486448
0.1502230044849777
0.1491109822450889
0.14801096024519889
0.1469189384053081
0.1458269165654173
0.14474689496552529
0.1436828736856317
0.1426148523257385
0.1415508310458449
0.1404948099259505
0.1394467889660553
0.1384067681661593
0.1373707474462629
0.1363427268863657
0.1353267065664673
0.1343026860865697
0.13329066584667093
0.13228264568677173
0.13127862560687212
0.13028260568697173
0.12930658616706933
0.12832656656716732
0.12741454832725851
0.12639452792736053
0.12539850800746014
0.12445848920755415
0.12348246968765172
0.12253045064774694
0.12159443192784054
0.12065841320793415
0.11973439472802654
0.11880637616811934
0.11788235768821174
0.11696233928830375
0.11604632096839536
0.11513430272848654
0.11424228488857575
0.11333426672866656
0.11244624896875537
0.11155823120884417
0.11067821360893217
0.10980219608901975
0.10894217888910576
0.10809816200919017
0.10721414432927856
0.10636212728936378
0.10554611096944537
0.10481809640951818
0.10381807640961818
0.10301406032969858
0.10231404632976858
0.10135802720986418
0.1005420108899458
0.0997579952100242
0.09896997945010298
0.09818196369018178
0.09738994785026099
0.09659793201034018
0.095809916250419
0.0950259005704974
0.0942458849705754
0.0934618692906538
0.0926938539307306
0.09192583857080741
0.0912778256108722
0.0904938099309506
0.0897257945710274
0.08896177929110381
0.08820176409117982
0.08743774881125621
0.0866937339313306
0.08596171929140381
0.0852177044114782
0.08448968985155102
0.08376567537162342
0.08306166129169382
0.08234164689176583
0.08163363273183663
0.08092961865190702
0.08023760481197623
0.07954159089204584
0.07884957705211504
0.07816956345218304
0.07749354993225063
0.07682553657231743
0.07616952345238304
0.07550551017244943
0.07485349713251464
0.07420548417257944
0.07357347153264264
0.07300946025269904
0.07235744721276424
0.07171343433282865
0.07106942145289305
0.07043340873295664
0.06980539617301945
0.06918138369308185
0.06856937145314305
0.06794535897320546
0.06733334673326666
0.06672933465332706
0.06612932265338706
0.06553331073344666
0.06494929905350506
0.06436528737356347
0.06377727561362226
0.06319326393368066
0.06261725241373826
0.06204524097379547
0.06148122969385187
0.060917218413908264
0.06036120729396387
0.059809196254019065
0.05926118529407388
0.05871717441412827
0.05817716361418228
0.057641152894235874
0.05711314233428868
0.05658113169434188
0.05605712121439428
0.055537110814446275
0.05502910065449708
0.05451709041454828
0.05400908025459908
0.053509070254649085
0.052965059374703485
0.05245704921475429
0.05196503937480349
0.051469029454853085
0.05098101969490189
0.050497010014950286
0.0500130003349987
0.04953699081504629
0.0490649813750935
0.04859297193514069
0.048124962575187495
0.04766495337523349
0.0472089442552791
0.046760935295323894
0.0463089262553691
0.0459009180954099
0.0454489090554551
0.0450009000954999
0.044556891215544306
0.0441168824155883
0.0436848737756315
0.04324886505567511
0.0428208564957179
0.042396848015760304
0.04197683961580231
0.04156083129584391
0.04118482377588151
0.04076081529592391
0.040348807055965115
0.039940798896005915
0.039536790816046316
0.03913678281608631
0.038740774896125915
0.03834876705616512
0.03796075929620392
0.03757275153624272
0.037200744096279915
0.036816736416318316
0.03644472897635552
0.036072721536392724
0.03570471417642952
0.03534070689646592
0.03498069969650192
0.03462069249653792
0.03426868545657313
0.03391667841660832
0.033564671376643526
0.033220664496677925
0.03288065769671193
0.03254065089674593
0.032204644176779526
0.031872637536812735
0.03154063089684593
0.03121662441687833
0.030888617856911132
0.030564611376943534
0.030244604976975537
0.029928598657007133
0.029616592417038335
0.029308586257069134
0.029000580097099937
0.028692573937130737
0.02839256793716074
0.028092561937190737
0.027796556017220336
0.027500550097249943
0.02720854425727914
0.02692053849730794
0.02663653281733634
0.02635252713736474
0.026072521537392746
0.025792515937420744
0.025516510417448342
0.025248505057475144
0.024980499697501945
0.024732494737526745
0.02446048929755395
0.024196484017580348
0.02392847865760715
0.02366847345763315
0.02340846825765915
0.023152463137684747
0.02290045809770995
0.02264845305773515
0.02240044809775995
0.02215244313778475
0.02190843825780915
0.021664433377833553
0.02142842865785715
0.021188423857881153
