999999999.9999993
1037836719.3526958
1077105056.036767
1117859177.7554047
1160155301.739972
1204051772.2974503
1249609141.291986
1296890251.671615
1345960324.155362
1396887047.2002978
1449740670.3726325
1504594101.2517118
1561523006.0004957
1620605913.7413154
1681924324.880866
1745562823.533863
1811609194.2004144
1880154542.8581405
1951293422.6359613
2025123964.243001
2101748011.3324835
2181271260.9873667
2263803409.521448
2349458303.7971888
2438354098.2688255
2530613417.9675207
2626363527.653335
2725736507.3673124
2828869434.625969
2935904573.509333
3046989570.903504
3162277660.168373
3281927872.5114775
3406105256.359487
3534981105.030105
3668733193.0182147
3807546021.2223673
3951611071.4498343
4101127070.551305
4256300264.549501
4417344703.140069
4584482534.9569
4757944314.009403
4937969317.714353
5124805876.9609375
5318711718.664558
5519954321.281568
5728811283.775603
5945570708.544382
6170531598.835189
6404004271.197285
6646310783.540047
6897785379.387651
7158774948.942676
7429639507.594934
7710752692.535538
8002502278.161055
8305290710.97915
8619535664.753025
8945670616.650845
9284145445.194727
9635427050.83421
10000000000.000004
10378367193.52697
10771050560.367683
11178591777.55402
11601553017.399734
12040517722.974518
12496091412.919874
12968902516.716164
13459603241.553633
13968870472.002943
14497406703.726288
15045941012.517136
15615230060.004972
16206059137.413172
16819243248.808678
17455628235.33859
18116091942.004166
18801545428.581425
19512934226.359634
20251239642.43003
21017480113.32486
21812712609.873615
22638034095.214508
23494583037.971916
24383540982.688282
25306134179.675236
26263635276.533287
27257365073.673157
28288694346.25972
29359045735.093365
30469895709.035072
31622776601.683765
32819278725.114697
34061052563.594784
35349811050.301094
36687331930.18219
38075460212.22372
39516110714.49838
41011270705.51295
42563002645.495056
44173447031.400734
45844825349.56905
47579443140.094086
49379693177.14341
51248058769.609245
53187117186.645645
55199543212.815735
57288112837.756096
59455707085.443886
61705315988.35196
64040042711.972916
66463107835.400536
68977853793.87659
71587749489.42683
74296395075.94943
77107526925.3552
80025022781.61035
83052907109.79158
86195356647.53035
89456706166.50854
92841454451.94736
96354270508.3422
100000000000.00015
103783671935.2698
107710505603.67694
111785917775.54031
116015530173.99706
120405177229.74487
124960914129.19843
129689025167.16179
134596032415.53648
139688704720.0296
144974067037.26303
150459410125.1715
156152300600.0499
162060591374.1319
168192432488.08698
174556282353.38608
181160919420.0412
188015454285.81378
195129342263.59656
202512396424.30054
210174801133.24884
218127126098.7364
226380340952.14532
234945830379.7194
243835409826.8831
253061341796.75262
262636352765.33316
272573650736.7309
282886943462.5965
293590457350.9329
304698957090.3511
316227766016.838
328192787251.14734
340610525635.94824
353498110503.0113
366873319301.82227
380754602122.23755
395161107144.9843
410112707055.12994
425630026454.9495
441734470314.0063
458448253495.69104
475794431400.94135
493796931771.43463
512480587696.0931
531871171866.45703
551995432128.158
572881128377.5615
594557070854.4395
617053159883.5203
640400427119.7275
664631078354.0038
689778537938.7643
715877494894.2692
742963950759.4951
771075269253.5527
800250227816.1044
830529071097.9167
861953566475.3044
894567061665.0864
928414544519.4746
963542705083.4197
999999999999.999
1037836719352.6956
1077105056036.7706
1117859177755.4045
1160155301739.972
1204051772297.4502
1249609141291.99
1296890251671.6191
1345960324155.3662
1396887047200.2974
1449740670372.632
1504594101251.7114
1561523006000.495
1620605913741.3152
1681924324880.8716
1745562823533.8628
1811609194200.414
1880154542858.14
1951293422635.9678
2025123964243.0076
2101748011332.4907
2181271260987.3662
2263803409521.4478
2349458303797.1885
2438354098268.825
2530613417967.529
2626363527653.3345
2725736507367.312
2828869434625.9683
2935904573509.3325
3046989570903.514
3162277660168.384
3281927872511.4766
3406105256359.486
3534981105030.1045
3668733193018.214
3807546021222.366
3951611071449.847
4101127070551.3037
4256300264549.5
4417344703140.083
4584482534956.915
4757944314009.419
4937969317714.352
5124805876960.937
5318711718664.557
5519954321281.566
5728811283775.602
5945570708544.38
6170531598835.209
6404004271197.283
6646310783540.045
6897785379387.675
7158774948942.699
7429639507594.959
7710752692535.536
8002502278161.053
8305290710979.147
8619535664753.023
8945670616650.842
9284145445194.758
9635427050834.207
10000000000000.002
