7.471616658705216e-10
7.800342594066478e-10
8.142113649967087e-10
8.498093340136847e-10
8.832155007354459e-10
9.252942856363688e-10
9.653604582382513e-10
1.0070242417725694e-09
1.050202813601686e-09
1.0952703188849e-09
1.1420100420878043e-09
1.1903149577108252e-09
1.2409739902352612e-09
1.293431362014985e-09
1.347911338100971e-09
1.4045453688993348e-09
1.4632772771250302e-09
1.5199006497823575e-09
1.587497244770475e-09
1.6532073487951493e-09
1.72120895314265e-09
1.7917316519344695e-09
1.8650367916706045e-09
1.941142135919449e-09
2.0198311911912015e-09
2.101600227177869e-09
2.186320013919385e-09
2.2739830018991825e-09
2.3647745983623736e-09
2.4584374536118503e-09
2.5556596838782752e-09
2.657201347844307e-09
2.7616571252053745e-09
2.869901871704883e-09
2.981722868611314e-09
3.0974043330189716e-09
3.21755511123456e-09
3.34146332825469e-09
3.469545761802806e-09
3.601965170574317e-09
3.738813258991058e-09
3.880221033369935e-09
4.025893618475607e-09
4.176798462651732e-09
4.332170178145134e-09
4.492807903488938e-09
4.658610830432508e-09
4.823043964208296e-09
5.001566716344996e-09
5.182697382366541e-09
5.3763320462252295e-09
5.572277528287373e-09
5.774408950998122e-09
5.982881301491716e-09
6.197864443890921e-09
6.419137887903048e-09
6.647976169560366e-09
6.8834422606300905e-09
7.1252344024941294e-09
7.375586807967238e-09
7.632575904636951e-09
7.898171228148954e-09
8.171669563239448e-09
8.45119885184431e-09
8.742573331943504e-09
9.040867166021371e-09
9.348390728192157e-09
9.664241629181447e-09
9.99028770820587e-09
1.0325681421008426e-08
1.0669928496298553e-08
1.1023879142868509e-08
1.1389220899715724e-08
1.1764025975580239e-08
1.2150047634662542e-08
1.2543434735334813e-08
1.2953546679739247e-08
1.3372314811022079e-08
1.3802381904071126e-08
1.424706130848108e-08
1.47017886753531e-08
1.5168700295831172e-08
1.565025264937958e-08
1.6142372327720977e-08
1.6648621148362963e-08
1.7169399901817428e-08
1.7705109156551657e-08
1.8254846967380445e-08
1.8818887559390873e-08
1.9398931128122854e-08
1.9992481226083214e-08
2.060273862625195e-08
2.1228578894749717e-08
2.187199266145967e-08
2.2531764898303663e-08
2.3208271304753225e-08
2.3900050605263345e-08
2.4617071048282924e-08
2.534864340653087e-08
2.6098819327913247e-08
2.686775113502904e-08
2.765543372085233e-08
2.8461637935350836e-08
2.9298499848451343e-08
3.014601546169615e-08
3.102391632481272e-08
3.1919709320149536e-08
3.28400531213191e-08
3.378309365587029e-08
3.474991450147513e-08
3.574166540509793e-08
3.6759405519504185e-08
3.780086266225169e-08
3.8873340990619454e-08
3.997118813714451e-08
4.108382301026836e-08
4.2244833631244205e-08
4.3437119900957555e-08
4.46483505722739e-08
4.5892247779733e-08
4.716120827197301e-08
4.846414114467734e-08
4.979744927524621e-08
5.115691981139037e-08
5.2552364460112244e-08
5.3979782199675697e-08
5.541303682576881e-08
5.69437321740196e-08
5.847637307709874e-08
6.004351549293574e-08
6.165181032358191e-08
6.329621804468388e-08
6.498376858843358e-08
6.670904117989096e-08
6.847277100874294e-08
7.028270654352298e-08
7.213281527640447e-08
7.402375956644391e-08
7.594816553435635e-08
7.793081224782838e-08
7.995683670714016e-08
8.203577772647463e-08
8.414165875159085e-08
8.622018476955873e-08
8.846269539120044e-08
9.07544179806763e-08
9.31066379550316e-08
9.549949209208819e-08
9.796639854897649e-08
1.0047556919801082e-07
1.0305068487426183e-07
1.0568137720490256e-07
1.0838135988677777e-07
1.1113947517848999e-07
1.1395661703161863e-07
1.1684787271093455e-07
1.1980080705242813e-07
1.2281642436384743e-07
1.2591107578785454e-07
1.2908671753741885e-07
1.3234771412129476e-07
1.356622145731734e-07
1.3906565099475188e-07
1.425610847149983e-07
1.4613256582585166e-07
1.4978156537281961e-07
1.5353008797625023e-07
1.573607844029823e-07
1.6127509483432334e-07
1.653206249674355e-07
1.6945685321623216e-07
1.7366235183224887e-07
1.780119063266028e-07
1.824620576851288e-07
1.8704276949499388e-07
1.9170620402242378e-07
1.965389149205521e-07
2.0146514811969496e-07
2.060516601787299e-07
2.1115939574656295e-07
2.1640648562026854e-07
2.2173023794813673e-07
2.272321013574441e-07
2.3281230698835031e-07
2.3857871034316247e-07
2.444620437191958e-07
2.5046151863605814e-07
2.5661611946503626e-07
2.628853712494106e-07
2.693112570728573e-07
2.758580999184801e-07
2.825904314995853e-07
2.891970665164223e-07
2.9640170962075274e-07
3.0371505954640554e-07
3.112234769897526e-07
3.1892739538186277e-07
3.267765813497192e-07
3.3477343786003644e-07
3.429804729115915e-07
3.5140595677773945e-07
3.599941520437966e-07
3.6881307408087594e-07
3.778025754463954e-07
3.8979695871077524e-07
3.988382255570855e-07
4.080997542121878e-07
4.175761325608818e-07
4.2726300431006337e-07
4.373221389464277e-07
4.4751177852297985e-07
4.580868389059134e-07
4.687884871401593e-07
4.79795935204308e-07
4.911177651223397e-07
5.026611566982808e-07
5.14530749118336e-07
5.267366076644464e-07
5.391756188188879e-07
5.519645756013603e-07
5.649928871420684e-07
5.783856906749207e-07
5.920242660550912e-07
6.0604334617409e-07
6.204547253751969e-07
6.351269585813668e-07
6.502085252435563e-07
6.65558265167121e-07
6.813346926648478e-07
6.975521604779544e-07
6.704227528686602e-07
7.310178329333894e-07
7.484599817697557e-07
7.663931185231121e-07
7.84639392570341e-07
8.031961971077806e-07
8.220603886499589e-07
8.418830879097783e-07
8.618244264901875e-07
8.825588779792781e-07
9.034052934620007e-07
9.250849433151132e-07
9.471258957116646e-07
9.697926661722533e-07
9.875977928786028e-07
1.0168040491809194e-06
1.0408800501515714e-06
1.0659415003999584e-06
1.0914095356362452e-06
