0.10899017984910098
0.10825816520917418
0.10753415072924657
0.10681013624931898
0.10648212968935176
0.10538210768946178
0.10467009344953297
0.10396207928960377
0.10327006544967297
0.10256605136974338
0.10187403752981258
0.1012060241698794
0.10050601016994938
0.09982199649001779
0.09914198289008579
0.0984619692901538
0.09778995585022099
0.0973739475302626
0.0964579292103542
0.0957939159304206
0.09514190289048581
0.0944938899305506
0.09384187689061581
0.093189863850681
0.09254985105074501
0.09190583817080941
0.0912658253708734
0.09063381273093661
0.0900058001709994
0.0893937879310606
0.08877777561112221
0.08813776281118622
0.08752175049124782
0.08690573817130942
0.08629772601137022
0.08569371393143062
0.0850817016914918
0.08448168969155181
0.08388567777161142
0.08329366593167062
0.08270565417172943
0.08212164249178783
0.08154963105184503
0.08097361953190263
0.08040960825195903
0.07984559697201543
0.07928558577207144
0.07884157689211582
0.07825356513217463
0.07771355433222862
0.07708554177229143
0.07651353033234863
0.07594551897240544
0.07538150769246184
0.07482149649251785
0.07426948545257304
0.07371347433262865
0.07316546337268344
0.07262945265273704
0.07208544177279144
0.07155343113284465
0.07101742041289826
0.07048540977295144
0.06997339953300265
0.06943738881305625
0.06891737841310826
0.06839736801316025
0.06788535777321146
0.06736934745326306
0.06685733721331426
0.06635332713336466
0.06585331713341466
0.06534930705346506
0.06485329713351466
0.06435728721356426
0.06388127769361186
0.06338126769366186
0.06289725801371027
0.062417248413758265
0.06192923865380706
0.06145322913385467
0.06098121969390186
0.06050521017394947
0.06004120089399587
0.05957719161404227
0.059113182334088674
0.05864917305413507
0.058189163854181075
0.05773315473422668
0.05727714561427227
0.05682913665431708
0.056381127694361884
0.055937118814406286
0.055493109934450675
0.05505310113449468
0.054617092414538285
0.05418908385458108
0.05374907505462509
0.05332106649466788
0.052897058014710285
0.05247704961475229
0.05204504097479548
0.05165303313483469
0.05121702441487829
0.05079301593492069
0.050393007934960696
0.050001000094999894
0.04960499217503949
0.049208984255079094
0.04881297633511869
0.0484169684151583
0.04802096049519789
0.047628952655237096
0.0472329447352767
0.0468409368953159
0.0464649293753535
0.0460689214553931
0.0457489150554251
0.0453569072154643
0.0449648993755035
0.044580891695541906
0.04419688401558031
0.0438168764156183
0.0434448689756555
0.04307286153569271
0.04270485417572951
0.04236084729576391
0.041972839535802706
0.041612832335838706
0.04125682521587431
0.04090081809590991
0.040548811055945114
0.04019680401598031
0.039848797056015114
0.03950479017604951
0.03916078329608391
0.03882077649611792
0.03848476977615151
0.03815676321618432
0.03782475657621752
0.037496750016250316
0.03716874345628312
0.03685273713631472
0.03657273153634272
0.03624472497637552
0.03592071849640792
0.035596712016440324
0.035280705696471924
0.03496069929650392
0.034648693056535125
0.03433668681656633
0.03402868065659712
0.033720674496627925
0.03341666841665833
0.03311666241668833
0.032816656416718326
0.032520650496747926
0.03222864465677713
0.03193663881680633
0.031644632976835535
0.03135262713686473
0.031068621456893132
0.030784615776921535
0.030500610096949935
0.030220604496977936
0.02994459897700553
0.029668593457033137
0.029396588017060337
0.029128582657087138
0.028856577217114335
0.028588571857141136
0.028328566657167136
0.028064561377193535
0.02780455617721954
0.027544550977245542
0.02729254593727074
0.027036540817296343
0.02678853585732114
0.026512530337348742
0.026260525297373945
0.026008520257399144
0.025764515377423546
0.025516510417448342
0.025276505617472342
0.025032500737496743
0.024792495937520746
0.024556491217544343
0.024320486497567947
0.024088481857591146
0.023856477217614348
0.02362847265763715
0.02340046809765995
0.023200464097679948
0.02296845945770315
0.022744454977725547
0.022520450497747948
0.022296446017770352
0.02207644161779235
0.021860437297813954
0.02164443297783555
0.02142842865785715
0.02121642441787835
0.021004420177899552
0.020796416017920358
0.020612412337938757
0.020400408097959958
0.02019240393798076
0.01998839985800116
0.019788395858021158
0.01958439177804156
0.01938838785806116
0.01918838385808116
0.018996380018100358
0.01880437617811956
0.018612372338138762
0.01842436857815756
0.01823636481817636
0.018048361058195163
0.017864357378213562
0.01768035369823196
0.017500350098249965
0.017320346498267962
0.017144342978285564
0.016968339458303165
0.016792335938320767
0.016620332498337963
0.016448329058355166
0.016280325698371966
0.016112322338388767
0.015944318978405567
0.016872337538312764
0.015616312418438366
0.015452309138454768
0.015288305858471168
0.015128302658487167
0.014972299538502768
0.014820296498517968
0.014660293298533968
0.01450829025854917
0.01435228713856477
0.01420428417857957
0.01405228113859477
0.01390427817860957
0.01375627521862437
0.013688273858631172
0.013464269378653571
0.013324266578667572
0.013180263698681973
0.013040260898695972
