7.471629981381511e-10
7.798908185918663e-10
8.139471319168479e-10
8.492020420192148e-10
8.861988920472186e-10
9.245293419724021e-10
9.643883469578896e-10
1.0058311961103072e-09
1.0488163670885342e-09
1.0936289651652942e-09
1.1400955735041407e-09
1.188369402882472e-09
1.2385095171651983e-09
1.2906382629296331e-09
1.3448273605831673e-09
1.4010879123560471e-09
1.4594900843434289e-09
1.5200312120100534e-09
1.5829173527492912e-09
1.6480818931796648e-09
1.7157426590586056e-09
1.7857380019137281e-09
1.8584862537807112e-09
1.9339974066667764e-09
2.0121651012061648e-09
2.093173412376359e-09
2.1772990077550958e-09
2.264340270841103e-09
2.3536743665175663e-09
2.4474549054076533e-09
2.5410060722208527e-09
2.644483299008016e-09
2.747992500218288e-09
2.85554579981806e-09
2.9661872957831292e-09
3.080934840582472e-09
3.199944309528746e-09
3.3228360063475293e-09
3.448930918636961e-09
3.580963303662088e-09
3.7166352218065413e-09
3.855805674746193e-09
4.001006637111004e-09
4.150346732956223e-09
4.304320677661622e-09
4.463500236084883e-09
4.627537464330089e-09
4.7962602778284236e-09
4.964610056390484e-09
5.1493105335254086e-09
5.3376743025523865e-09
5.531714419859668e-09
5.73186942354198e-09
5.937611957662625e-09
6.150784548353272e-09
6.3698339936024695e-09
6.595595181124736e-09
6.828632104216581e-09
7.0687460329565965e-09
7.315658523410207e-09
7.569945115193377e-09
7.827110737324006e-09
8.102839288426367e-09
8.381398464152312e-09
8.667061512923624e-09
8.962093733799747e-09
9.266235556637525e-09
9.579188331443333e-09
9.90040960324734e-09
1.0232043212710096e-08
1.0571723718655335e-08
1.0922341919794576e-08
1.1281306333543739e-08
1.1653284115453744e-08
1.2034034213570521e-08
1.2425271700422513e-08
1.2827237716450668e-08
1.3239261908992717e-08
1.366781532396999e-08
1.410429906201216e-08
1.4554538019240226e-08
1.5015788612515735e-08
1.5490369653647917e-08
1.597642396156118e-08
1.6476404018916924e-08
1.6989497808594933e-08
1.7518468009569688e-08
1.8059963968752868e-08
1.86181481343084e-08
1.918940339962205e-08
1.9776759785372633e-08
2.0377660225889827e-08
2.0995362781661697e-08
2.1630359281488154e-08
2.2281462008777453e-08
2.2949006472927636e-08
2.363157292073481e-08
2.4327434733351083e-08
2.5058536801125797e-08
2.57983758800151e-08
2.655040698407163e-08
2.7323596496486857e-08
2.8124657935890696e-08
2.8953290653888075e-08
2.9779873456092787e-08
3.0651165827677573e-08
3.153760674834416e-08
3.244063506713246e-08
3.337107745693402e-08
3.432180895046599e-08
3.529964098802907e-08
3.6207404852106606e-08
3.732933850919551e-08
3.8382917288970475e-08
3.9464518319931585e-08
4.0571490389496034e-08
4.1704330433489645e-08
4.257247043781831e-08
4.4072105742642975e-08
4.529299180155988e-08
4.6546584808737634e-08
4.782955342896855e-08
4.9133279445001676e-08
5.048069939839195e-08
5.185444473809753e-08
5.325948104761835e-08
5.467550479032468e-08
5.617137044389153e-08
5.7685095145032506e-08
5.92272739741162e-08
6.080976167055496e-08
6.219964787668175e-08
6.408795427681468e-08
6.577847289079841e-08
6.751990833109289e-08
6.929299201097194e-08
7.11195780045415e-08
7.297903814595941e-08
7.487912845327571e-08
7.682051750279584e-08
7.882067598607989e-08
8.085580205374754e-08
8.293470465936537e-08
8.506737048108448e-08
8.716282229315198e-08
8.942433304959252e-08
9.172513792954362e-08
9.40755984224495e-08
9.649849608273087e-08
9.897406272330045e-08
1.0149133755632533e-07
1.0407427564196325e-07
1.0672495798225157e-07
1.094324122430379e-07
1.1221096540836584e-07
1.1504892261093858e-07
1.1794711674006919e-07
1.209064319773745e-07
1.2394321746711512e-07
1.270590936908178e-07
1.3024091960467388e-07
1.3350765337705184e-07
1.368445894378567e-07
1.4027112715808698e-07
1.4375282919587562e-07
1.473473765223332e-07
1.5101994255140028e-07
1.5477210313363798e-07
1.5862691649104477e-07
1.625662255921867e-07
1.6661476709423084e-07
1.7075332681137922e-07
1.7500869353703763e-07
1.793608472855368e-07
1.838129006781486e-07
1.884218912007185e-07
1.931144910649607e-07
1.979499286708375e-07
2.0290772839715032e-07
2.0751339158131543e-07
2.126165694615878e-07
2.1782494630251392e-07
2.232069797880598e-07
2.2870037819089362e-07
2.34305694180037e-07
2.4006054211156425e-07
2.4596832060019835e-07
2.519918154142431e-07
2.5812922266332805e-07
2.644204011303941e-07
2.70868926621759e-07
2.774413929707009e-07
2.8415866792919076e-07
2.907962608489356e-07
2.979817621540093e-07
3.053196258040458e-07
3.1285110280165895e-07
3.2052349574485106e-07
3.2839446340027223e-07
3.36413536139446e-07
3.446435969944872e-07
3.530304941712359e-07
3.6164067007682377e-07
3.7041560374539984e-07
3.8256968992733675e-07
3.913482018447212e-07
4.0041842841453956e-07
4.096332597569585e-07
4.191335152281539e-07
4.2884343165461303e-07
4.3892583478921665e-07
4.491377058046808e-07
4.59646146255821e-07
4.7036634887032136e-07
4.813923435431633e-07
4.926335567256857e-07
5.042944674071848e-07
5.160759790623359e-07
5.282965475084112e-07
5.406356802239998e-07
5.534349165614572e-07
5.664729560983517e-07
5.798755271513301e-07
5.933915846467741e-07
6.075510955438901e-07
6.218309132055566e-07
6.365064361135708e-07
6.515910186966067e-07
6.51347916269529e-07
6.827212404303395e-07
6.987735412522511e-07
7.152727878878551e-07
7.322283546162822e-07
7.49479643458173e-07
7.673992634682492e-07
7.856305717091061e-07
8.041710115591627e-07
8.23017427764583e-07
8.426031345987184e-07
8.627448437881213e-07
8.832242830436599e-07
9.042817470383824e-07
9.256869599738593e-07
9.474345068483103e-07
9.70323921656302e-07
9.933222109292927e-07
1.0169698272388672e-06
1.041289963588099e-06
1.0659997067286042e-06
1.0914099772829644e-06
