0.10899017984910098
0.10826216528917376
0.10753815080924617
0.10683813680931617
0.10610612216938937
0.10539410792946058
0.10468609376953138
0.10398207968960177
0.10329006584967097
0.10259005184974099
0.10190203808980978
0.10121802440987818
0.10053801080994619
0.09985799721001418
0.09917798361008219
0.09850197009014978
0.09782995665021699
0.09716594337028339
0.0965019300903498
0.09584591697041539
0.09518990385048098
0.09454589097054539
0.0938978780106102
0.093249865050675
0.092609852250739
0.09197383953080261
0.0913338267308666
0.09070181409092981
0.0901018020909898
0.0894617892910538
0.0889417788911058
0.08821376433117861
0.08760175209123983
0.08698173969130181
0.0863817276913618
0.08577771561142221
0.08516970345148303
0.08456969145154301
0.08399367993160062
0.08338566777166143
0.08279765601172022
0.08223364473177662
0.08164563297183543
0.08107362153189263
0.08050961025194903
0.07994559897200543
0.07938958785206103
0.07884557697211543
0.07839756801216023
0.07778155569222182
0.07720154409227983
0.07662953265233705
0.07606152129239384
0.07550551017244943
0.07494149889250584
0.07438948785256104
0.07384147689261585
0.07329346593267065
0.07274945505272504
0.07221344433277865
0.07168143369283185
0.07119342393288065
0.07061741241293826
0.07008940185299105
0.06957339153304265
0.06905338113309466
0.06853337073314665
0.06801736041319825
0.06750935025324906
0.06699734001330025
0.06649733001335026
0.06599331993340066
0.06550131009344985
0.06499730001350025
0.06450529017354946
0.06401728041359826
0.06353327073364666
0.06305726121369426
0.06256125129374386
0.06208524177379146
0.06160523217383946
0.06113322273388667
0.06066121329393387
0.06019720401398027
0.05973319473402667
0.059273185534072674
0.05880917625411907
0.05835316713416468
0.057893157934210675
0.057441148894255875
0.056989139854301075
0.05654513097434548
0.05610112209438988
0.055657113214434284
0.05521710441447828
0.05478109569452188
0.05435308713456469
0.053937078814606285
0.053489069854651086
0.05306506137469349
0.05265705321473429
0.052237044814776284
0.051813036334818686
0.05139302793486069
0.0509850197749015
0.0505610112949439
0.05016500337498349
0.049776995615022294
0.04938098769506189
0.04898897985510109
0.04859297193514069
0.04832096649516789
0.0478049561752195
0.0474129483352587
0.0470209404952979
0.0466329327353367
0.0462489250553751
0.0461769236153823
0.04554091089544591
0.0451529031354847
0.0447648953755235
0.04438088769556191
0.044008880255599105
0.043628872655637106
0.0432568652156743
0.0428888578557111
0.042540850895745906
0.042160843295783915
0.04179683601582031
0.04144082889585591
0.04108482177589151
0.04088081769591191
0.04038080769596191
0.040036800815996317
0.039688793856031114
0.039348787056065114
0.03900478017609951
0.038668773456133114
0.038336766816166316
0.03800876025619912
0.037676753616232316
0.03735274713626472
0.03703274073629672
0.03671273433632872
0.03643272873635672
0.03610472217638952
0.03578471577642152
0.035468709456453126
0.035148703056485125
0.034832696736516726
0.03452469057654752
0.034216684416578325
0.03390867825660913
0.033604672176639525
0.03330066609666993
0.03300066009669993
0.032704654176729527
0.03241264833675873
0.03212064249678793
0.031828636656817136
0.03154063089684593
0.03125262513687473
0.030968619456903133
0.030684613776931536
0.03040860825695913
0.030128602656987132
0.029852597137014734
0.029580591697041938
0.029308586257069134
0.029040580897095936
0.028772575537122733
0.02850857025714914
0.028244564977175538
0.02798455977720154
0.02772855465722714
0.02746854945725314
0.02721654441727834
0.026964539377303542
0.026716534417328342
0.02643652881735634
0.026188523857381144
0.02594451897740554
0.025696514017430342
0.025452509137454744
0.025212504337478747
0.024972499537502746
0.024732494737526745
0.024496490017550346
0.024264485377573548
0.024032480737596746
0.023800476097619948
0.023572471537642747
0.023348467057665148
0.02314846305768515
0.022920458497707952
0.02269645401773035
0.02247244953775275
0.02225244513777475
0.02203244073779675
0.021816436417818354
0.02160043209783995
0.02138842785786115
0.021176423617882353
0.020968419457903155
0.020788415857921155
0.020576411617942356
0.020364407377963557
0.020160403297983957
0.019956399218004357
0.01975639521802436
0.01955239113804476
0.019356387218064357
0.01916038329808396
0.01896837945810316
0.01877637561812236
0.01858837185814116
0.018396368018160362
0.01821236433817876
0.018024360578197562
0.017844356978215563
0.017660353298233962
0.017480349698251962
0.017300346098269966
0.017128342658287162
0.016948339058305166
0.016776335618322362
0.016604332178339565
0.016432328738356764
0.016676333618332363
0.016096322018390365
0.015932318738406767
0.015768315458423166
0.015604312178439567
0.015444308978455567
0.015280305698471969
0.015120302498487968
0.014964299378503567
0.01481229633851877
0.01465629321853437
0.014500290098549971
0.01434828705856517
0.014196284018580372
0.014048281058595171
0.01390427817860957
0.013752275138624771
0.01360827225863917
0.013464269378653571
0.013320266498667972
0.013180263698681973
0.013040260898695972
